010011000
011011100
010000000
000000110
010011000
011011100
001010101
010000000
010111000
111111101
100000101
000000100
000000101
000000110
000000111
010011000
011011100
010000000
000000100
000000110
001000101
001000001
000000111
101110001
001000100
001000011
000000111
010011000
011011100
101110101
001000101
001010110
010100001
111111000
010100000
100011010
111000110
010101000
011101100
001101000
101110010
010011000
011011100
001010101
010111000
011111101
100001111
001011111
100000000
010010010
000000001
101111010
000001111
010011000
011011100
000100100
001000110
101110000
000000110
001110111
011110001
000110111
101110101
001110110
011111111
000110110
010011000
101000001
010101100
011101110
010000000
100011000
101110110
101010110
101001010
010111010
011111101
010100101
100011110
101010111
010011000
011011100
001000100
001110101
010101000
011101101
100001011
000001010
010000000
000000100
000000110
001000101
001000001
000000111
001000101
001000011
011000001
101110001
000000111
010011000
011011100
101110101
001000101
001010110
010101000
011101100
111111000
011111101
011111101
011111111
010100000
100011010
111000110
010101000
011101100
001101000
101110010
010011000
011011100
001010101
010111000
011111101
100001111
001011110
100000000
010010010
000000001
101111010
000001110
010011000
011011100
000100100
001000110
101110000
000000110
001110111
011111111
000110111
101110101
001110110
011110001
000110110
010011000
101000001
010101001
011101100
010000000
100011000
101111010
101010110
101001010
010111010
011111101
010100000
100011110
101010111
010011000
011011100
010000000
000000100
000000110
001000101
001000000
000000111
101110001
001000100
001000011
000000111
010011000
011011100
101110101
001000101
001010110
010100001
111111000
010100000
100011010
111000110
010101000
011101100
001101000
101110010
010011000
011011100
001010101
010111000
011111101
100001111
001011110
100000000
010010010
000000001
101111010
000001110
010011000
011011100
000100100
001000110
101110000
000000110
001110111
011110001
000110111
101110101
001110110
011111111
000110110
010011000
101000001
010101111
011101110
010000000
100011000
101110110
101010110
101001010
010111001
011111101
010100011
100011110
101010111
010011000
011011100
001000100
001110101
010101000
011101101
100001011
000001001
010000000
000000100
000000110
001000101
001000000
000000111
001000101
001000011
011000001
101110001
000000111
010011000
011011100
101110101
001000101
001010110
010101000
011101100
111111000
011111101
011111101
011111111
010100000
100011010
111000110
010101000
011101100
001101000
101110010
010011000
011011100
001010101
010111000
011111101
100001111
001011101
100000000
010010010
000000001
101111010
000001101
010011000
011011100
000100100
001000110
101110000
000000110
001110111
011111111
000110111
101110101
001110110
011110001
000110110
010011000
101000001
010101001
011101100
010000000
100011000
101111010
101010110
101001010
010111010
011111101
010100000
100011110
101010111
010011000
011011100
010000000
001000100
001110101
010101000
011101101
100001011
000001000
010000000
000000100
000000110
001000101
001000001
000000111
101110001
001000100
001000010
000000111
010011000
011011100
101110101
001000101
001010110
010100001
111111000
010100000
100011010
111000110
010101000
011101100
001101000
101110010
010011000
011011100
001010101
010111000
011111101
100001111
001011110
100000000
010010010
000000001
101111010
000001110
010011000
011011100
000100100
001000110
101110000
000000110
001110111
011110001
000110111
101110101
001110110
011111111
000110110
010011000
101000001
010101000
011101101
010000000
100011000
101111010
101010110
101001010
010111010
011111101
010100100
100011110
101010111
010011000
011011100
001000100
001110101
010101000
011101101
100001011
001111001
100000011
000001001
010000000
000000100
000000110
001000101
001000001
000000111
001000101
001000010
011000001
101110001
000000111
010011000
011011100
101110101
001000101
001010110
010101000
011101100
111111000
011111101
011111101
011111111
010100000
100011010
111000110
010101000
011101100
001101000
101110010
010011000
011011100
001010101
010111000
011111101
100001111
001011101
100000000
010010010
000000001
101111010
000001101
010011000
011011100
000100100
001000110
101110000
000000110
001110111
011111111
000110111
101110101
001110110
011110001
000110110
010011000
101000001
010101001
011101101
010000000
100011000
101110010
101010110
101001010
010111011
011111101
010100110
100011110
101010111
010011000
011011100
010000000
001000100
001110101
010101000
011101101
100001011
001111000
100000011
000001000
010000000
000000100
000000110
001000101
001000000
000000111
101110001
001000100
001000010
000000111
010011000
011011100
101110101
001000101
001010110
010100001
111111000
010100000
100011010
111000110
010101000
011101100
001101000
101110010
010011000
011011100
001010101
010111000
011111101
100001111
001011101
100000000
010010010
000000001
101111010
000001101
010011000
011011100
000100100
001000110
101110000
000000110
001110111
011110001
000110111
101110101
001110110
011111111
000110110
010011000
101000001
010101001
011101101
010000110
100011000
101010110
101001010
010111010
011111101
010100011
100011110
101010111
010011000
011011100
001000100
001110101
010101000
011101101
100001011
001111000
100000011
000001000
010000000
000000100
000000110
001000101
001000000
000000111
001000101
001000010
011000001
101110001
000000111
010011000
011011100
101110101
001000101
001010110
010101000
011101100
111111000
011111101
011111101
011111111
010100000
100011010
111000110
010101000
011101100
001101000
101110010
010011000
011011100
001010101
010111000
011111101
100001111
001011100
100000000
010010010
000000001
101111010
000001100
010011000
011011100
000100100
001000110
101110000
000000110
001110111
011111111
000110111
101110101
001110110
011110001
000110110
010011000
101000001
010101001
011101101
010000010
100011000
101010110
010011000
011011100
001000101
101110100
101110100
000000101
010011000
011011101
101000001
010111100
011111101
010100111
100011110
101010111
