010000000
010011000
011011101
000000101
010001111
011001111
000000100
010000000
000000110
010001000
011001101
001000010
010010010
100000001
010011000
011011101
000000111
010000000
010010001
010111000
011111101
001101110
001111111
001101000
001111100
110101011
111111001
100000011
011100001
111111001
100000011
011100001
111111001
100000011
011100001
111111001
100000011
011100001
111111001
100000011
011100001
111111001
100000011
011100001
111111001
100000011
011100001
111111001
100000011
001101110
001111111
001101001
001111101
110101011
111111001
100000011
011100001
111111001
100000011
011100001
111111001
100000011
011100001
111111001
100000011
011100001
111111001
100000011
011100001
111111001
100000011
011100001
111111001
100000011
011100001
111111001
100000011
010111000
011110011
001011101
010100010
101000001
101010110
000001101
001011100
101000100
101010110
000001100
010011000
011011101
001000111
010110010
100000011
000000111
010111011
011111100
101111011
101000001
101010111
010011000
011011101
001000110
101110100
000000110
010111010
011111100
010010100
100011101
101000001
101010111