010001000
011000011
010010000
100110101
000010010
000010011
010010100
100000001
010010000
000010000
000010001
000010010
010001000
011000011
010010110
100000001
001010000
010100010
100000110
000010001
010001000
011000100
010011000
011010011
010100100
100000110
001100100
001110101
001101000
001111100
110001000
010010000
110011101
010111111
011110011
010100100
100001110
101110001
010111111
010110011
010100001
100101110
101110100
010011000
011010011
010100100
100000110
001100100
001110101
001101000
001111100
010001000
011000011
010010111
100000001
101001011
010000110
011000011
010010011
100000001
101001110
010001000
011000011
010010110
100000001
010010000
000010011
001100000
001110001
001101001
001111101
010011001
011010011
010000110
101001011
100101011
000100101
010010011
010000000
101010001
100101110
000110101
010001000
011000011
010010100
100000001
101000001
010011000
011010011
010000110
100000100
001100100
001110101
001101001
001111101
010001101
101001011
100101011
000100111
001100100
001110101
001101000
001111100
100101011
000100110
010001001
010100010
010110011
101001011
100101011
000100111
001100100
001110101
001101000
001111100
100111011
000100110
010000110
011000010
010010111
100000001
010100010
010110011
101001011
010011000
011010011
010000110
100000100
001100100
001110101
001101001
001111101
010001101
101001110
100101110
000110111
001100100
001110101
001101000
001111100
100101110
000110110
010001001
010100010
010110011
101001011
100101110
000110111
001100100
001110101
001101000
001111100
100111110
000110110
010001001
011000010
010011000
100000001
010100010
010110011
101001011
010001000
011000011
010010110
100000001
001100000
001110001
001101001
001111101
100001110
000110010
010001011
101001110
010011001
010000000
101010001
010001000
011000100
000000000
101000001
010001000
011000100
000000000
101000001
010001000
011000011
010010110
100000001
001100000
001110001
001101000
001111100
100001011
000100010
010001000
011000011
010010110
100000001
001100000
001110001
001101000
001111100
100011011
000100010
010001000
011000011
010010100
100000001
001100000
100000001
001110000
010010101
011010011
010000100
100000100
101011011
010010101
011010011
010000001
100000100
101011110
010001000
011000011
010010100
100000001
001100001
100000001
001110001
010011100
101011110
010001000
011000011
010010100
100000001
100000001
001110000
100100001
000110000
100000001
001110001
100100001
000110001
010001000
011000011
010010010
100000001
001100000
010010110
100000001
001110000
010010101
011010011
010000100
100000100
101011110
010010101
011010011
010000001
100000100
101011011
010001000
011000011
010010010
100000001
001100001
010010110
100000001
001110001
010011100
101011011
010001000
011000011
010011000
100000001
001110000
100100001
000110010
100000001
001110001
100100001
000110011
010001000
011000011
010010111
100000001
001010000
010100010
100000110
000010000
010101000
011100011
010111000
011110100
010001001
100001100
101110110
010001000
011000011
010010110
100000001
001010000
010100010
100000110
000010000
010101000
011100011
010111000
011110100
101110110
