010000000
010011000
011011101
000000101
010001111
011001111
000000100
010000000
000000110
010001000
011001101
001000010
010010010
100000001
010011000
011011101
000000111
010000000
010010001
010111000
011111101
001101110
001111111
001101000
001111100
110101011
111111001
100000011
011100001
111111001
100000011
011100001
111111001
100000011
011100001
111111001
100000011
011100001
111111001
100000011
011100001
111111001
100000011
011100001
111111001
100000011
011100001
111111001
100000011
010111000
011111101
001101110
001111111
001101001
001111101
110101011
111111001
100000011
011100001
111111001
100000011
011100001
111111001
100000011
011100001
111111001
100000011
011100001
111111001
100000011
011100001
111111001
100000011
011100001
111111001
100000011
011100001
111111001
100000011
010111000
011111101
001011101
010100010
101000001
101010110
000001101
001011100
101000100
101010110
000001100
010011000
011011101
001000111
010110010
100000011
000000111
010111011
011111101
010100100
100011011
101000001
101010110
010011000
011011101
001000110
101110100
000000110
010111101
011111101
010100001
100011011
101000001
101010110
101100100
010001000
011001101
010010000
101111001
000010010
000010011
010010100
100000001
010010000
000010000
000010001
000010010
001010010
101110101
000010011
010011000
011011100
001100010
001110011
001101000
001111100
111101001
111111101
101001011
010111100
011111101
010101010
100001110
101011111
101110100
001010001
001010101
010000000
101111000
110010001
010111000
011111110
101110001
101111111
010001001
011001101
101111000
101111000
001000000
001000001
010100101
011101110
101110010
100000100
101111110
010001000
011001101
010010110
100000001
001010001
001100000
001010100
001101000
010110000
101111011
110010111
100001001
010010000
010110010
101111111
010010000
100001001
000100010
010001111
101101100
010001000
011001101
010010110
100000001
001010001
001100000
001010100
001101000
010110000
101111011
110010111
101110001
100001001
000100010
010001000
011001101
010010110
100000001
001010001
001100000
001010101
001101001
010110000
101111011
110010111
101110001
100000110
001100010
100111001
100101001
000010011
000100010
010001110
011001110
101110100
101101100
010001000
011001101
010100100
100000010
001010011
101110101
000010011
011101100
101111010
101111010
101000110
010111110
011111101
010010110
100010111
101010001
001010010
101110101
000010010
101000110
010111111
011111101
010010010
100010111
101010101
010111011
011111101
101101111
010010010
010001001
011001101
100010001
001100000
001111000
001101001
100111110
100101110
101110000
001010000
001000000
001010100
001000001
100110100
100100100
100000010
010101001
011101101
000001001
010000001
010100010
101111110
010000000
100000111
100000100
010111001
011111101
000011100
010001001
010001001
011001101
001100000
010010100
100010001
001110000
101001011
010011101
101101001
010011111
101110001
101010101
001010001
010110100
100000011
001110001
101001101
010011001
101010101
010010100
100010001
101110100
001110011
101111000
101111000
000110001
000100000
010001000
011001101
001010010
101001001
101110100
010111101
101010111
010111111
101110011
101101011
001110001
010010100
100000001
001010011
101000111
010111001
101101011
010110100
100010011
010110100
100000011
001010011
100010011
000010001
000100000
010001111
011001101
010010110
100010100
101101101
101100100
010011000
011011100
010000000
000000101
010011000
011011100
001010101
010000000
010111000
011111101
100000111
000000100
000000101
000000110
000000111
010011000
011011100
010000000
000000100
000000110
001000101
001000001
000000111
101110001
001000100
001000011
000000111
010011000
011011100
101110101
001000101
001010110
010100001
111111000
010100000
100011011
111000110
010101000
011101100
001101000
101110010
010011000
011011100
001010101
010111000
011111101
100001101
001011111
100000001
010010010
101111101
101111010
000001111
010011000
011011100
000100100
001000110
101110000
000000110
001110111
011110001
000110111
101110101
001110110
011111111
000110110
010011000
101000001
010101100
011101110
010000000
100010010
101110100
101010100
101001010
010111010
011111101
010100101
100011011
101010110
010011000
011011100
001000100
001110101
010101000
011101101
100001011
000001010
010000000
000000100
000000110
001000101
001000001
000000111
001000101
001000011
011000001
101110001
000000111
010011000
011011100
101110101
001000101
001010110
010101000
011101100
111111000
011110011
011110011
011110001
010100000
100011011
111000110
010101000
011101100
001101000
101110010
010011000
011011100
001010101
010111000
011111101
100001101
001011110
100000001
010010010
101111101
101111010
000001110
010011000
011011100
000100100
001000110
101110000
000000110
001110111
011111111
000110111
101110101
001110110
011110001
000110110
010011000
101000001
010100111
011101101
010000111
100010010
101111000
101010100
101001010
010111010
011111101
010100000
100011011
101010110
010011000
011011100
010000000
000000100
000000110
001000101
001000000
000000111
101110001
001000100
001000011
000000111
010011000
011011100
101110101
001000101
001010110
010100001
111111000
010100000
100011011
111000110
010101000
011101100
001101000
101110010
010011000
011011100
001010101
010111000
011111101
100001101
001011110
100000001
010010010
101111101
101111010
000001110
010011000
011011100
000100100
001000110
101110000
000000110
001110111
011110001
000110111
101110101
001110110
011111111
000110110
010011000
101000001
010101100
011101110
010000000
100010010
101110100
101010100
101001010
010111001
011111101
010100011
100011011
101010110
010011000
011011100
001000100
001110101
010101000
011101101
100001011
000001001
010000000
000000100
000000110
001000101
001000000
000000111
001000101
001000011
011000001
101110001
000000111
010011000
011011100
101110101
001000101
001010110
010101000
011101100
111111000
011110011
011110011
011110001
010100000
100011011
111000110
010101000
011101100
001101000
101110010
010011000
011011100
001010101
010111000
011111101
100001101
001011101
100000001
010010010
101111101
101111010
000001101
010011000
011011100
000100100
001000110
101110000
000000110
001110111
011111111
000110111
101110101
001110110
011110001
000110110
010011000
101000001
010101101
011101110
010000011
100010010
101111000
101010100
101001010
010111010
011111101
010100000
100011011
101010110
010011000
011011100
010000000
001000100
001110101
010101000
011101101
100001011
000001000
010000000
000000100
000000110
001000101
001000001
000000111
101110001
001000100
001000010
000000111
010011000
011011100
101110101
001000101
001010110
010100001
111111000
010100000
100011011
111000110
010101000
011101100
001101000
101110010
010011000
011011100
001010101
010111000
011111101
100001101
001011110
100000001
010010010
101111101
101111010
000001110
010011000
011011100
000100100
001000110
101110000
000000110
001110111
011110001
000110111
101110101
001110110
011111111
000110110
010011000
101000001
010101100
011101110
010000011
100010010
101111000
101010100
101001010
010111010
011111101
010100100
100011011
101010110
010011000
011011100
001000100
001110101
010101000
011101101
100001011
001111001
100000011
010010001
010110010
101111111
010010000
001111000
100001101
000111000
000001001
010011000
011011100
010000000
000000100
000000110
001000101
001000001
000000111
001000101
001000010
011000001
101110001
000000111
010011000
011011100
101110101
001000101
001010110
010101000
011101100
111111000
011110011
011110011
011110001
010100000
100011011
111000110
010101000
011101100
001101000
101110010
010011000
011011100
001010101
010111000
011111101
100001101
001011101
100000001
010010010
101111101
101111010
000001101
010011000
011011100
000100100
001000110
101110000
000000110
001110111
011111111
000110111
101110101
001110110
011110001
000110110
010011000
101000001
010101101
011101110
010000001
100010010
101110000
101010100
101001010
010111100
011111101
010100101
100011011
101010110
010011000
011011100
010000000
001000100
001110101
010101000
011101101
100001011
001111000
100000011
000001000
010000000
000000100
000000110
001000101
001000000
000000111
101110001
001000100
001000010
000000111
010011000
011011100
101110101
001000101
001010110
010100001
111111000
010100000
100011011
111000110
010101000
011101100
001101000
101110010
010011000
011011100
001010101
010111000
011111101
100001101
001011101
100000001
010010010
101111101
101111010
000001101
010011000
011011100
000100100
001000110
101110000
000000110
001110111
011110001
000110111
101110101
001110110
011111111
000110110
010011000
101000001
010101100
011101110
010000011
100010010
101010100
101001010
010111010
011111101
010100011
100011011
101010110
010011000
011011100
001000100
001110101
010101000
011101101
100001011
001111000
100000011
000001000
010000000
000000100
000000110
001000101
001000000
000000111
001000101
001000010
011000001
101110001
000000111
010011000
011011100
101110101
001000101
001010110
010101000
011101100
111111000
011110011
011110011
011110001
010100000
100011011
111000110
010101000
011101100
001101000
101110010
010011000
011011100
001010101
010111000
011111101
100001101
001011100
100000001
010010010
101111101
101111010
000001100
010011000
011011100
000100100
001000110
101110000
000000110
001110111
011111111
000110111
101110101
001110110
011110001
000110110
010011000
101000001
010101101
011101110
010000011
100010010
101010100
010011000
011011100
001000101
101110100
101110100
000000101
010011000
011011101
101000001
010111100
011111101
010100111
100011011
101010110
101100100