001000000
010110000
000000000
010100000
001111000
010100000
101001011
001000000
011110000
100000011
001010000
010100000
100000010
001100000
010110000
011010000
000000000
000000000
010110000
000000000
010100000
001111000
001000000
011110000
010010000
100001101
100000011
001010000
010100000
100000010
001100000
010110000
011010000
000000000
000000000
010110000
000000000
010110000
010100000
000111000
000000000
010000000
001010000
010000000
001100000
010110000
101001011
000000000
000000000
000000000
010000000
001110000
100001110
000110000
000000000
010000000
011100000
010110000
000101100
010000000
011010000
010110000
000011100
000000000
000000000
000000000
001000000
010010000
100000001
010010000
011010000
100000001
000000000
010100000
001011000
000000000
011010000
011010000
010110000
100000011
000010000
011010000
011010000
100000011
000010000
011010000
011010000
100000011
000010000
000000000
010000000
001010000
010000000
100000100
010000000
000010000
000000000
000000000
000000000
