010000000
010011000
011010011
000000101
010001111
011000001
000000100
010000000
000000110
010001000
011000011
001000010
010010010
100000001
010011000
011010011
000000111
010000000
010010001
010111000
011110011
001101110
001111111
001101000
001111100
110101011
110111001
100000011
011100001
110111001
100000011
011100001
110111001
100000011
011100001
110111001
100000011
011100001
110111001
100000011
011100001
110111001
100000011
011100001
110111001
100000011
011100001
110111001
100000011
001101110
001111111
001101001
001111101
110101011
110111001
100000011
011100001
110111001
100000011
011100001
110111001
100000011
011100001
110111001
100000011
011100001
110111001
100000011
011100001
110111001
100000011
011100001
110111001
100000011
011100001
110111001
100000011
010111000
011110011
001011101
010100010
101100001
000001101
001011100
101100100
000001100
010011000
011010011
001000111
010110010
100000000
000000111
010111011
011110100
010100001
100101110
101110001
010011000
011010011
001000110
010110010
100000000
000000110
010111010
011110100
101110001
