010001000
011001101
010010000
101111001
000010010
000010011
010010100
100000001
010010000
000010000
000010001
000010010
001010010
101110101
000010011
010011000
011011100
001100010
001110011
001101000
001111100
111101001
111111101
101001011
010111100
011111101
010101010
100001110
101011111
101110100
001010001
001010101
010000000
101111000
110010001
010111000
011111110
101110001
101111111
010001001
011001101
101111000
101111000
001000000
001000001
010100101
011101110
101110010
100000100
101111110
010001000
011001101
010010110
100000001
001010001
001100000
001010100
001101000
010110000
101111011
110010111
100001001
010010000
010110010
101111111
010010000
100001001
000100010
010001111
101101100
010001000
011001101
010010110
100000001
001010001
001100000
001010100
001101000
010110000
101111011
110010111
101110001
100001001
000100010
010001000
011001101
010010110
100000001
001010001
001100000
001010101
001101001
010110000
101111011
110010111
101110001
100000110
001100010
100111001
100101001
000010011
000100010
010001110
011001110
101110100
101101100
010001000
011001101
010100100
100000010
001010011
101110101
000010011
011101100
101111010
101111010
101000110
010111110
011111101
010010110
100010111
101010001
001010010
101110101
000010010
101000110
010111111
011111101
010010010
100010111
101010101
010111110
011111101
101101111
010010010
010001001
011001101
100010001
001100000
001111000
001101001
100111110
100101110
101110000
001010000
001000000
001010100
001000001
100110100
100100100
100000010
010101001
011101101
000001001
010000001
010100010
101111110
010000000
100000111
100000100
010111001
011111101
000011100
010001001
010001001
011001101
001100000
010010100
100010001
001110000
101001011
010011101
101101001
010011111
101110001
101010101
001010001
010110100
100000011
001110001
101001101
010011001
101010101
010010100
100010001
101110100
001110011
101111000
101111000
000110001
000100000
010001000
011001101
001010010
101001001
101110100
010111101
101010111
010111111
101110011
101101011
001110001
010010100
100000001
001010011
101000111
010111001
101101011
010110100
100010011
010110100
100000011
001010011
100010011
000010001
000100000
010001111
011001101
010010110
100010100
101101101
